0
0.70711
2.2361
2.1213
2.2361
2.5495
2.0616
1.8028
1.8028
1.8028
2.5
4.0311
6.265
7.1589
11.236
11.885
13.946
16.621
17.507
20.597
21.552
22.55
19.526
17.564
15.89
15.788
13.537
12.659
14.807
16.447
16.808
17.007
15.7
15.182
17.183
17.103
16.07
16.325
15.977
15.89
16.325
17.328
22.594
25.348
22.946
21.552
21.077
21.319
16.101
22.902
14.089
6.9642
6.364
14.849
23.049
24.418
24.418
24.459
23.162
18.18
18.668
20.012
21.523
22.006
21.095
22.006
24.021
25.045
24
26.005
23
20.797
20.012
16.008
12.748
13.086
13.21
11.413
12.619
11.336
11.673
10.512
12.258
12.51
11.511
11.511
10.607
9.8234
9.1924
7.9057
7.1063
5.7009
4.3012
4.6098
4.0311
7.433
7.5
8.7321
11.102
11.511
14.3
15.443
16.808
18.18
19.558
21.506
23.585
24.13
25.933
29.125
27.5
25.303
23.114
21.593
19.449
18.062
16.985
15.572
13.509
11.511
10.512
8.86
8.6313
7.5
14.759
